Elemental stiffness matrices and Elemental load vectors:
=======================================================

Element 1:
---------

Stiffness matrix:
    1.1691e+11	    3.5714e+10	   -8.8065e+10	   -2.7473e+09	   -5.8455e+10	   -3.5714e+10	    2.9609e+10	    2.7473e+09	

    3.5714e+10	    8.9133e+10	    2.7473e+09	   -6.7155e+09	   -3.5714e+10	   -4.4567e+10	   -2.7473e+09	   -3.7851e+10	

   -8.8065e+10	    2.7473e+09	    1.1691e+11	   -3.5714e+10	    2.9609e+10	   -2.7473e+09	   -5.8455e+10	    3.5714e+10	

   -2.7473e+09	   -6.7155e+09	   -3.5714e+10	    8.9133e+10	    2.7473e+09	   -3.7851e+10	    3.5714e+10	   -4.4567e+10	

   -5.8455e+10	   -3.5714e+10	    2.9609e+10	    2.7473e+09	    1.1691e+11	    3.5714e+10	   -8.8065e+10	   -2.7473e+09	

   -3.5714e+10	   -4.4567e+10	   -2.7473e+09	   -3.7851e+10	    3.5714e+10	    8.9133e+10	    2.7473e+09	   -6.7155e+09	

    2.9609e+10	   -2.7473e+09	   -5.8455e+10	    3.5714e+10	   -8.8065e+10	    2.7473e+09	    1.1691e+11	   -3.5714e+10	

    2.7473e+09	   -3.7851e+10	    3.5714e+10	   -4.4567e+10	   -2.7473e+09	   -6.7155e+09	   -3.5714e+10	    8.9133e+10	

Load vector:
    0.0000e+00

    0.0000e+00

    0.0000e+00

    0.0000e+00

    0.0000e+00

    0.0000e+00

    0.0000e+00

    0.0000e+00



Element 2:
---------

Stiffness matrix:
    1.1691e+11	    3.5714e+10	   -8.8065e+10	   -2.7473e+09	   -5.8455e+10	   -3.5714e+10	    2.9609e+10	    2.7473e+09	

    3.5714e+10	    8.9133e+10	    2.7473e+09	   -6.7155e+09	   -3.5714e+10	   -4.4567e+10	   -2.7473e+09	   -3.7851e+10	

   -8.8065e+10	    2.7473e+09	    1.1691e+11	   -3.5714e+10	    2.9609e+10	   -2.7473e+09	   -5.8455e+10	    3.5714e+10	

   -2.7473e+09	   -6.7155e+09	   -3.5714e+10	    8.9133e+10	    2.7473e+09	   -3.7851e+10	    3.5714e+10	   -4.4567e+10	

   -5.8455e+10	   -3.5714e+10	    2.9609e+10	    2.7473e+09	    1.1691e+11	    3.5714e+10	   -8.8065e+10	   -2.7473e+09	

   -3.5714e+10	   -4.4567e+10	   -2.7473e+09	   -3.7851e+10	    3.5714e+10	    8.9133e+10	    2.7473e+09	   -6.7155e+09	

    2.9609e+10	   -2.7473e+09	   -5.8455e+10	    3.5714e+10	   -8.8065e+10	    2.7473e+09	    1.1691e+11	   -3.5714e+10	

    2.7473e+09	   -3.7851e+10	    3.5714e+10	   -4.4567e+10	   -2.7473e+09	   -6.7155e+09	   -3.5714e+10	    8.9133e+10	

Load vector:
    0.0000e+00

    0.0000e+00

    6.2646e+02

    2.2801e+02

    5.0117e+02

    1.8241e+02

    0.0000e+00

    0.0000e+00



Global stiffness matrix:
=======================

    1.1691e+11	    3.5714e+10	   -8.8065e+10	   -2.7473e+09	    0.0000e+00	    0.0000e+00	    0.0000e+00	    0.0000e+00	   -5.8455e+10	   -3.5714e+10	    2.9609e+10	    2.7473e+09	

    3.5714e+10	    8.9133e+10	    2.7473e+09	   -6.7155e+09	    0.0000e+00	    0.0000e+00	    0.0000e+00	    0.0000e+00	   -3.5714e+10	   -4.4567e+10	   -2.7473e+09	   -3.7851e+10	

   -8.8065e+10	    2.7473e+09	    2.3382e+11	    0.0000e+00	   -8.8065e+10	   -2.7473e+09	   -5.8455e+10	   -3.5714e+10	    5.9219e+10	    0.0000e+00	   -5.8455e+10	    3.5714e+10	

   -2.7473e+09	   -6.7155e+09	    0.0000e+00	    1.7827e+11	    2.7473e+09	   -6.7155e+09	   -3.5714e+10	   -4.4567e+10	    9.5367e-07	   -7.5702e+10	    3.5714e+10	   -4.4567e+10	

    0.0000e+00	    0.0000e+00	   -8.8065e+10	    2.7473e+09	    1.1691e+11	   -3.5714e+10	    2.9609e+10	   -2.7473e+09	   -5.8455e+10	    3.5714e+10	    0.0000e+00	    0.0000e+00	

    0.0000e+00	    0.0000e+00	   -2.7473e+09	   -6.7155e+09	   -3.5714e+10	    8.9133e+10	    2.7473e+09	   -3.7851e+10	    3.5714e+10	   -4.4567e+10	    0.0000e+00	    0.0000e+00	

    0.0000e+00	    0.0000e+00	   -5.8455e+10	   -3.5714e+10	    2.9609e+10	    2.7473e+09	    1.1691e+11	    3.5714e+10	   -8.8065e+10	   -2.7473e+09	    0.0000e+00	    0.0000e+00	

    0.0000e+00	    0.0000e+00	   -3.5714e+10	   -4.4567e+10	   -2.7473e+09	   -3.7851e+10	    3.5714e+10	    8.9133e+10	    2.7473e+09	   -6.7155e+09	    0.0000e+00	    0.0000e+00	

   -5.8455e+10	   -3.5714e+10	    5.9219e+10	    9.5367e-07	   -5.8455e+10	    3.5714e+10	   -8.8065e+10	    2.7473e+09	    2.3382e+11	    7.6294e-06	   -8.8065e+10	   -2.7473e+09	

   -3.5714e+10	   -4.4567e+10	    0.0000e+00	   -7.5702e+10	    3.5714e+10	   -4.4567e+10	   -2.7473e+09	   -6.7155e+09	    7.6294e-06	    1.7827e+11	    2.7473e+09	   -6.7155e+09	

    2.9609e+10	   -2.7473e+09	   -5.8455e+10	    3.5714e+10	    0.0000e+00	    0.0000e+00	    0.0000e+00	    0.0000e+00	   -8.8065e+10	    2.7473e+09	    1.1691e+11	   -3.5714e+10	

    2.7473e+09	   -3.7851e+10	    3.5714e+10	   -4.4567e+10	    0.0000e+00	    0.0000e+00	    0.0000e+00	    0.0000e+00	   -2.7473e+09	   -6.7155e+09	   -3.5714e+10	    8.9133e+10	



Global load vector:
==================

    0.0000e+00

    0.0000e+00

    0.0000e+00

    0.0000e+00

    6.2646e+02

    2.2801e+02

    5.0117e+02

    1.8241e+02

    0.0000e+00

    0.0000e+00

    0.0000e+00

    0.0000e+00



Final displacements:
========================

    0.0000e+00

    0.0000e+00

    1.3028e-08

    1.1661e-08

    2.1019e-08

    3.1980e-08

   -4.3314e-09

    2.9951e-08

   -4.9128e-09

    9.7976e-09

    0.0000e+00

    0.0000e+00



Stresses at Gauss Points
=========================

Element No.: 1
xi - -5.774e-01, eta - -5.774e-01, stresses -  6.702e+03    1.814e+03    2.160e+03
xi - -5.774e-01, eta -  5.774e-01, stresses - -8.865e+02   -4.629e+02    1.884e+03
xi -  5.774e-01, eta - -5.774e-01, stresses -  6.525e+03    1.222e+03    1.680e+02
xi -  5.774e-01, eta -  5.774e-01, stresses - -1.064e+03   -1.054e+03   -1.079e+02
Element No.: 2
xi - -5.774e-01, eta - -5.774e-01, stresses -  4.394e+03    3.688e+02    1.450e+03
xi - -5.774e-01, eta -  5.774e-01, stresses -  1.260e+03   -5.713e+02    1.425e+03
xi -  5.774e-01, eta - -5.774e-01, stresses -  4.378e+03    3.164e+02    6.270e+02
xi -  5.774e-01, eta -  5.774e-01, stresses -  1.244e+03   -6.238e+02    6.025e+02
